%YAML:1.0
cameraMatrix: !!opencv-matrix
   rows: 3
   cols: 3
   dt: d
   data: [ 5.9581099643503183e+02, 0., 6.3432976377541559e+02, 0.,
       5.5953223852290387e+02, 4.7788380440493432e+02, 0., 0., 1. ]
imageSize_width: 1256
imageSize_height: 936
sensorSize_width: 0
sensorSize_height: 0
distCoeffs: !!opencv-matrix
   rows: 5
   cols: 1
   dt: d
   data: [ -7.4215704727866072e-01, 2.9898826626605468e-01,
       -6.5467334462771920e-02, -3.9975866476436292e-02,
       -5.8898911770825263e-02 ]
reprojectionError: 9.3810230493545532e-01
features:
   - [ 4.34864838e+02, 4.61639282e+02, 4.35338043e+02, 4.47614655e+02,
       4.36237274e+02, 4.33891205e+02, 4.36668152e+02, 4.19755096e+02,
       4.37623810e+02, 4.05474030e+02, 4.38653076e+02, 3.91859894e+02,
       4.49012787e+02, 4.62723877e+02, 4.48868256e+02, 4.48641968e+02,
       4.49943573e+02, 4.34749359e+02, 4.50648193e+02, 4.20032654e+02,
       4.51390533e+02, 4.05879395e+02, 4.52146484e+02, 3.92213470e+02,
       4.62688049e+02, 4.63868256e+02, 4.63221069e+02, 4.49770386e+02,
       4.64204285e+02, 4.35315399e+02, 4.64727661e+02, 4.20787262e+02,
       4.65336395e+02, 4.06566193e+02, 4.66325958e+02, 3.92577911e+02,
       4.77353210e+02, 4.64834473e+02, 4.77878571e+02, 4.50559235e+02,
       4.78632782e+02, 4.36191620e+02, 4.79213593e+02, 4.21459076e+02,
       4.79711212e+02, 4.07219910e+02, 4.80512787e+02, 3.93176575e+02,
       4.92208893e+02, 4.65578125e+02, 4.92886566e+02, 4.51336151e+02,
       4.93305054e+02, 4.36819855e+02, 4.93973358e+02, 4.22019745e+02,
       4.94299927e+02, 4.07535858e+02, 4.94757294e+02, 3.93437286e+02,
       5.07293732e+02, 4.66308289e+02, 5.07686798e+02, 4.51862122e+02,
       5.08293671e+02, 4.37241241e+02, 5.08626892e+02, 4.22439606e+02,
       5.09047760e+02, 4.08111237e+02, 5.09651947e+02, 3.94049683e+02,
       5.22424316e+02, 4.66849396e+02, 5.22797852e+02, 4.52371704e+02,
       5.23290894e+02, 4.37731384e+02, 5.23755371e+02, 4.22978241e+02,
       5.24161316e+02, 4.08530304e+02, 5.24589294e+02, 3.94378326e+02,
       5.37139282e+02, 4.67194061e+02, 5.37683350e+02, 4.52768188e+02,
       5.38386963e+02, 4.38298065e+02, 5.38633362e+02, 4.23432373e+02,
       5.38905029e+02, 4.09027954e+02, 5.39018982e+02, 3.94656189e+02,
       5.52220398e+02, 4.67473145e+02, 5.53061218e+02, 4.53002319e+02,
       5.53000671e+02, 4.38404175e+02, 5.53437439e+02, 4.23865051e+02,
       5.53549316e+02, 4.09439667e+02, 5.53707642e+02, 3.95226624e+02 ]
   - [ 4.35395538e+02, 4.61011566e+02, 4.35698883e+02, 4.47213928e+02,
       4.36726318e+02, 4.33325439e+02, 4.37232605e+02, 4.19258667e+02,
       4.38274872e+02, 4.04944305e+02, 4.39168732e+02, 3.91244812e+02,
       4.49194244e+02, 4.62374420e+02, 4.49460114e+02, 4.48248596e+02,
       4.50342285e+02, 4.34315857e+02, 4.51025665e+02, 4.19711365e+02,
       4.51632324e+02, 4.05546326e+02, 4.52635590e+02, 3.91602905e+02,
       4.63086823e+02, 4.63457092e+02, 4.63742920e+02, 4.49408142e+02,
       4.64456390e+02, 4.34842896e+02, 4.65113556e+02, 4.20392029e+02,
       4.65942413e+02, 4.06031128e+02, 4.66739166e+02, 3.92111176e+02,
       4.77661377e+02, 4.64478333e+02, 4.78204773e+02, 4.50141541e+02,
       4.79099243e+02, 4.35584961e+02, 4.79506073e+02, 4.20936157e+02,
       4.80182648e+02, 4.06626160e+02, 4.81075775e+02, 3.92579132e+02,
       4.92653381e+02, 4.65390778e+02, 4.93278412e+02, 4.50953705e+02,
       4.93914581e+02, 4.36433807e+02, 4.94132385e+02, 4.21750824e+02,
       4.94741180e+02, 4.07167542e+02, 4.95450897e+02, 3.93081177e+02,
       5.07649261e+02, 4.66121918e+02, 5.08226807e+02, 4.51621582e+02,
       5.08699036e+02, 4.36864716e+02, 5.09143402e+02, 4.22207153e+02,
       5.09744781e+02, 4.07681030e+02, 5.10345245e+02, 3.93417603e+02,
       5.22666443e+02, 4.66618103e+02, 5.23325195e+02, 4.52063202e+02,
       5.23733704e+02, 4.37399323e+02, 5.24232605e+02, 4.22539215e+02,
       5.24701538e+02, 4.08070465e+02, 5.24987061e+02, 3.93846344e+02,
       5.37769043e+02, 4.66914551e+02, 5.37994202e+02, 4.52386139e+02,
       5.38835510e+02, 4.38038544e+02, 5.39227051e+02, 4.23101227e+02,
       5.39499817e+02, 4.08681549e+02, 5.39729675e+02, 3.94316467e+02,
       5.52777283e+02, 4.67273163e+02, 5.53443726e+02, 4.52880981e+02,
       5.53478577e+02, 4.38139160e+02, 5.53790833e+02, 4.23337952e+02,
       5.54210754e+02, 4.09135132e+02, 5.54337097e+02, 3.94731842e+02 ]
   - [ 4.21427277e+02, 5.20150024e+02, 4.19320251e+02, 5.04841064e+02,
       4.17818085e+02, 4.89245880e+02, 4.16202179e+02, 4.73009186e+02,
       4.14925079e+02, 4.56870178e+02, 4.13653961e+02, 4.40468231e+02,
       4.36521027e+02, 5.20948425e+02, 4.34377441e+02, 5.05364441e+02,
       4.33032867e+02, 4.89428528e+02, 4.31354919e+02, 4.72875031e+02,
       4.29791656e+02, 4.56336151e+02, 4.28634399e+02, 4.39571991e+02,
       4.52131531e+02, 5.21428345e+02, 4.50567108e+02, 5.05437164e+02,
       4.48730469e+02, 4.89180969e+02, 4.47187225e+02, 4.72473511e+02,
       4.45662567e+02, 4.55688049e+02, 4.44612488e+02, 4.38829315e+02,
       4.68837708e+02, 5.21221680e+02, 4.67358612e+02, 5.05154266e+02,
       4.65695007e+02, 4.88684357e+02, 4.63915771e+02, 4.71688110e+02,
       4.62411285e+02, 4.54722015e+02, 4.61133026e+02, 4.37698792e+02,
       4.85919281e+02, 5.20874390e+02, 4.84365356e+02, 5.04665039e+02,
       4.82578064e+02, 4.87888428e+02, 4.81339142e+02, 4.70695099e+02,
       4.79430481e+02, 4.53685516e+02, 4.78243073e+02, 4.36407349e+02,
       5.03469910e+02, 5.20064941e+02, 5.01888367e+02, 5.03645142e+02,
       5.00435120e+02, 4.86939301e+02, 4.98641205e+02, 4.69681061e+02,
       4.97275024e+02, 4.52496674e+02, 4.96001587e+02, 4.34994446e+02,
       5.21433350e+02, 5.19058594e+02, 5.19826050e+02, 5.02694641e+02,
       5.18321533e+02, 4.85598206e+02, 5.16672058e+02, 4.68521423e+02,
       5.15373352e+02, 4.50979187e+02, 5.13776306e+02, 4.33435852e+02,
       5.39391418e+02, 5.17597656e+02, 5.38038757e+02, 5.01321411e+02,
       5.36563843e+02, 4.84395813e+02, 5.34993958e+02, 4.66978394e+02,
       5.33632202e+02, 4.49309082e+02, 5.31706848e+02, 4.31700073e+02,
       5.57395569e+02, 5.15910522e+02, 5.56317505e+02, 4.99444061e+02,
       5.54509644e+02, 4.82333313e+02, 5.53375122e+02, 4.65021942e+02,
       5.51586426e+02, 4.47464844e+02, 5.49851807e+02, 4.29849060e+02 ]
   - [ 3.42541443e+02, 2.54478668e+02, 3.41745728e+02, 2.36728806e+02,
       3.41896271e+02, 2.19295288e+02, 3.42582825e+02, 2.02540329e+02,
       3.43182007e+02, 1.86682755e+02, 3.44595032e+02, 1.68440018e+02,
       3.58262238e+02, 2.50042892e+02, 3.57630646e+02, 2.31667892e+02,
       3.57828125e+02, 2.14069672e+02, 3.57752228e+02, 1.96715408e+02,
       3.58657288e+02, 1.79227951e+02, 3.59290894e+02, 1.67048141e+02,
       3.74862732e+02, 2.45465408e+02, 3.74988770e+02, 2.26692444e+02,
       3.74695526e+02, 2.08632751e+02, 3.75054260e+02, 1.91211334e+02,
       3.75262756e+02, 1.75149857e+02, 3.76494019e+02, 1.59406219e+02,
       3.93927155e+02, 2.40934570e+02, 3.93726135e+02, 2.21810883e+02,
       3.93438141e+02, 2.03671967e+02, 3.93449707e+02, 1.86247177e+02,
       3.93699005e+02, 1.69161118e+02, 3.94265442e+02, 1.53933884e+02,
       4.13674072e+02, 2.36840347e+02, 4.13132233e+02, 2.17711823e+02,
       4.12763367e+02, 1.99135925e+02, 4.12659546e+02, 1.81112213e+02,
       4.12339233e+02, 1.64856155e+02, 4.13294556e+02, 1.48526672e+02,
       4.34798340e+02, 2.33264145e+02, 4.33899261e+02, 2.13699158e+02,
       4.33296600e+02, 1.94955536e+02, 4.33029907e+02, 1.76882645e+02,
       4.32829620e+02, 1.60352692e+02, 4.33197906e+02, 1.45120590e+02,
       4.56603851e+02, 2.29983307e+02, 4.55620331e+02, 2.10084839e+02,
       4.54646912e+02, 1.91484055e+02, 4.53895569e+02, 1.73153671e+02,
       4.53715393e+02, 1.56603210e+02, 4.53650146e+02, 1.41462357e+02,
       4.78830963e+02, 2.27330109e+02, 4.77651367e+02, 2.07290833e+02,
       4.76642578e+02, 1.88405563e+02, 4.75743591e+02, 1.70527954e+02,
