%YAML:1.0
cameraMatrix: !!opencv-matrix
   rows: 3
   cols: 3
   dt: d
   data: [ 3.3357290530390691e+02, 0., 5.2844438489635081e+02, 0.,
       3.3250394622177663e+02, 3.8875014220379234e+02, 0., 0., 1. ]
imageSize_width: 1024
imageSize_height: 768
sensorSize_width: 0
sensorSize_height: 0
distCoeffs: !!opencv-matrix
   rows: 5
   cols: 1
   dt: d
   data: [ -2.1071777204961975e-01, 2.5981401281570081e-02,
       -2.9635763291777507e-04, -2.8098583680311990e-03,
       4.5628112937128257e-04 ]
reprojectionError: 1.0468664169311523e+00
features:
   - [ 3.95635803e+02, 4.35975464e+02, 4.06686737e+02, 4.53063049e+02,
       4.21496857e+02, 4.69591003e+02, 4.35498688e+02, 4.85955872e+02,
       4.51713348e+02, 5.01149902e+02, 4.66844299e+02, 5.16083069e+02,
       3.82546753e+02, 4.41596588e+02, 3.96400787e+02, 4.59250702e+02,
       4.10539459e+02, 4.77087189e+02, 4.26340393e+02, 4.94428070e+02,
       4.43126099e+02, 5.10585785e+02, 4.60246094e+02, 5.25644775e+02,
       3.67201965e+02, 4.48651184e+02, 3.81649902e+02, 4.67814453e+02,
       3.97667633e+02, 4.86550201e+02, 4.14134277e+02, 5.05544556e+02,
       4.31424744e+02, 5.23623718e+02, 4.50092529e+02, 5.40041748e+02,
       3.50621918e+02, 4.56511932e+02, 3.65741547e+02, 4.77086823e+02,
       3.82996613e+02, 4.97298523e+02, 4.00383423e+02, 5.17801086e+02,
       4.19418976e+02, 5.36711365e+02, 4.38961029e+02, 5.54744080e+02,
       3.32610779e+02, 4.64612854e+02, 3.48986694e+02, 4.87171417e+02,
       3.66534424e+02, 5.09208954e+02, 3.86100830e+02, 5.30548340e+02,
       4.06287537e+02, 5.51110657e+02, 4.26550934e+02, 5.70591309e+02,
       3.13022095e+02, 4.74330688e+02, 3.29668396e+02, 4.98322021e+02,
       3.48935211e+02, 5.22095398e+02, 3.69403320e+02, 5.45284668e+02,
       3.90967377e+02, 5.67445923e+02, 4.12808868e+02, 5.88272217e+02,
       2.91522217e+02, 4.84288574e+02, 3.09105408e+02, 5.10215088e+02,
       3.28669983e+02, 5.36355896e+02, 3.50842957e+02, 5.61523743e+02,
       3.74189301e+02, 5.85112305e+02, 3.97673737e+02, 6.07255737e+02,
       2.69441101e+02, 4.94514984e+02, 2.86760986e+02, 5.22907837e+02,
       3.07575134e+02, 5.51151611e+02, 3.30427948e+02, 5.78881836e+02,
       3.55394165e+02, 6.04270996e+02, 3.81453339e+02, 6.27223450e+02,
       2.44736771e+02, 5.06222778e+02, 2.63112091e+02, 5.36555054e+02,
       2.84568878e+02, 5.67489929e+02, 3.09178162e+02, 5.97098022e+02,
       3.35510132e+02, 6.23877502e+02, 3.63495392e+02, 6.48120361e+02 ]
   - [ 4.90678589e+02, 2.76603882e+02, 4.77465363e+02, 2.92472168e+02,
       4.61050385e+02, 3.06161804e+02, 4.48528290e+02, 3.21676910e+02,
       4.34673401e+02, 3.37173157e+02, 4.23511932e+02, 3.52139252e+02,
       4.80355835e+02, 2.66336304e+02, 4.65183167e+02, 2.82207275e+02,
       4.50330902e+02, 2.98032104e+02, 4.35823029e+02, 3.14431366e+02,
       4.23034637e+02, 3.31477661e+02, 4.11097321e+02, 3.47295288e+02,
       4.68564240e+02, 2.54587799e+02, 4.52160583e+02, 2.71231964e+02,
       4.36376282e+02, 2.88683929e+02, 4.21314789e+02, 3.05910736e+02,
       4.07186432e+02, 3.23102722e+02, 3.94565002e+02, 3.40738464e+02,
       4.54896484e+02, 2.41622650e+02, 4.37465576e+02, 2.59397186e+02,
       4.21326202e+02, 2.78006561e+02, 4.05127441e+02, 2.96037567e+02,
       3.90656769e+02, 3.14712067e+02, 3.77357086e+02, 3.33376801e+02,
       4.39903046e+02, 2.27595551e+02, 4.21431030e+02, 2.46526245e+02,
       4.04141022e+02, 2.66334015e+02, 3.87881989e+02, 2.86596527e+02,
       3.72857574e+02, 3.06449646e+02, 3.59327728e+02, 3.25609833e+02,
       4.23123932e+02, 2.12667160e+02, 4.03756256e+02, 2.32877991e+02,
       3.85848816e+02, 2.53929306e+02, 3.69192291e+02, 2.75548645e+02,
       3.53546722e+02, 2.96652008e+02, 3.39731140e+02, 3.16703247e+02,
       4.05050476e+02, 1.96733932e+02, 3.85128754e+02, 2.18461334e+02,
       3.66007172e+02, 2.40670120e+02, 3.48764069e+02, 2.63689423e+02,
       3.32831848e+02, 2.86448486e+02, 3.18907104e+02, 3.07762054e+02,
       3.86016724e+02, 1.80544067e+02, 3.64735901e+02, 2.03499466e+02,
       3.44868591e+02, 2.27316010e+02, 3.26934723e+02, 2.51249863e+02,
       3.11174805e+02, 2.75192535e+02, 2.97457794e+02, 2.98437134e+02,
       3.65421631e+02, 1.63825546e+02, 3.43406952e+02, 1.88085587e+02,
       3.23004700e+02, 2.13151230e+02, 3.04604736e+02, 2.38740189e+02,
       2.88853455e+02, 2.63941315e+02, 2.75209106e+02, 2.88549225e+02 ]
   - [ 6.79165344e+02, 2.98770020e+02, 6.64421509e+02, 2.87476166e+02,
       6.51253113e+02, 2.73510925e+02, 6.35897766e+02, 2.62532898e+02,
       6.20402649e+02, 2.51573090e+02, 6.05285706e+02, 2.41189224e+02,
       6.88972290e+02, 2.88638580e+02, 6.74168030e+02, 2.75908508e+02,
       6.59419128e+02, 2.62723511e+02, 6.43329773e+02, 2.51270782e+02,
       6.26724426e+02, 2.40301117e+02, 6.10692993e+02, 2.29535095e+02,
       6.99497437e+02, 2.77344147e+02, 6.84457214e+02, 2.63567047e+02,
       6.68421021e+02, 2.50693207e+02, 6.51885071e+02, 2.37979324e+02,
       6.35228821e+02, 2.25912033e+02, 6.17497498e+02, 2.15650970e+02,
       7.10921143e+02, 2.65069855e+02, 6.95031250e+02, 2.50675369e+02,
       6.78271790e+02, 2.37274414e+02, 6.61191833e+02, 2.23462082e+02,
       6.43339111e+02, 2.11395554e+02, 6.25126343e+02, 2.00012421e+02,
       7.22546082e+02, 2.52256882e+02, 7.05884399e+02, 2.37163513e+02,
       6.88605225e+02, 2.22481537e+02, 6.70209656e+02, 2.09104507e+02,
       6.51497131e+02, 1.96226974e+02, 6.32895813e+02, 1.84296204e+02,
       7.34599915e+02, 2.38553024e+02, 7.17374023e+02, 2.22514404e+02,
       6.98908264e+02, 2.07694458e+02, 6.79696350e+02, 1.93589706e+02,
       6.60298096e+02, 1.80392349e+02, 6.40800598e+02, 1.67835876e+02,
       7.46752441e+02, 2.24132843e+02, 7.28716309e+02, 2.07755844e+02,
       7.09925293e+02, 1.91870148e+02, 6.89758362e+02, 1.77357010e+02,
       6.69161804e+02, 1.63566589e+02, 6.48909241e+02, 1.51306351e+02,
       7.58715759e+02, 2.09948502e+02, 7.40211426e+02, 1.92645584e+02,
       7.20445923e+02, 1.76215988e+02, 6.99753845e+02, 1.60528427e+02,
       6.78472656e+02, 1.46628174e+02, 6.57072571e+02, 1.33962143e+02,
       7.70515259e+02, 1.95184311e+02, 7.51345276e+02, 1.77166351e+02,
       7.31082947e+02, 1.59960831e+02, 7.09482544e+02, 1.44171112e+02,
       6.87538269e+02, 1.29477905e+02, 6.65258545e+02, 1.16729507e+02 ]
   - [ 6.18190613e+02, 4.81601044e+02, 6.29108032e+02, 4.64895966e+02,
       6.41580627e+02, 4.47547455e+02, 6.52385681e+02, 4.29128052e+02,
       6.61962402e+02, 4.09723511e+02, 6.71695984e+02, 3.90657532e+02,
       6.28040527e+02, 4.93518311e+02, 6.40440552e+02, 4.75887360e+02,
       6.52692505e+02, 4.57327698e+02, 6.64189819e+02, 4.37597137e+02,
       6.74522278e+02, 4.17458038e+02, 6.85227905e+02, 3.97114960e+02,
       6.38775696e+02, 5.06183533e+02, 6.52362793e+02, 4.88075684e+02,
       6.65223755e+02, 4.68274780e+02, 6.77870239e+02, 4.47662659e+02,
       6.90065491e+02, 4.26382019e+02, 7.00270630e+02, 4.04447449e+02,
       6.50894714e+02, 5.20577759e+02, 6.65545349e+02, 5.01417725e+02,
       6.79271179e+02, 4.80586121e+02, 6.93545349e+02, 4.59030945e+02,
       7.05794434e+02, 4.36263397e+02, 7.17232422e+02, 4.13170715e+02,
       6.63605225e+02, 5.35665161e+02, 6.79593506e+02, 5.15639526e+02,
       6.94743469e+02, 4.94138031e+02, 7.09492920e+02, 4.71100403e+02,
       7.22850281e+02, 4.46946167e+02, 7.35730469e+02, 4.22565369e+02,
       6.77574219e+02, 5.52026672e+02, 6.94593689e+02, 5.31252319e+02,
       7.11254761e+02, 5.08890686e+02, 7.26898621e+02, 4.84395966e+02,
       7.41684753e+02, 4.59240967e+02, 7.55416565e+02, 4.33480835e+02,
       6.91984253e+02, 5.69278137e+02, 7.10379272e+02, 5.48037170e+02,
       7.28674255e+02, 5.24619019e+02, 7.45683533e+02, 4.99245209e+02,
       7.61639099e+02, 4.72580078e+02, 7.76100830e+02, 4.45211761e+02,
       7.06290039e+02, 5.87476440e+02, 7.26442566e+02, 5.65691223e+02,
       7.46266052e+02, 5.41560364e+02, 7.65241028e+02, 5.14904419e+02,
